Image Points
[1595   37]
[ 504  196]
[1169  141]
[1758  262]
[ 655  336]
[1290  344]
[ 796  475]
[1428  563]
[ 366  767]
[ 924  599]
[1567  778]
[  71 1590]
[ 659 1343]
[1039 1222]
[1550 1486]
[ 220 1365]
[ 792 1118]
[1413 1228]
[ 198 1002]
[ 797  799]
[1154  810]
[1715 1008]

World Points
[126  14   0   1]
[  0  42  98   1]
[ 42  42   0   1]
[154  42   0   1]
[  0  70  70   1]
[ 70  70   0   1]
[  0  98  42   1]
[ 98  98   0   1]
[  0 126 126   1]
[  0 126  14   1]
[126 126   0   1]
[  0 238 182   1]
[  0 238  70   1]
[ 14 238   0   1]
[126 238   0   1]
[  0 210 154   1]
[  0 210  42   1]
[ 98 210   0   1]
[  0 154 154   1]
[  0 154  42   1]
[ 42 154   0   1]
[154 154   0   1]